Label Area Mean StdDev Min Max Perim. IntDen Median %Area RawIntDen
15-12a_SD_M1_01.jpg 6295 131.6 37.06 39 255 384 828500 130 100 3118000 
15-12a_SD_M1_01.jpg 70.68 77.06 21.8 43 255 31.58 5446 75 100 20500 
15-12a_SD_M1_01.jpg 78.91 87.94 24.97 50 170 34.01 6940 82 100 26120 
15-12a_SD_M1_01.jpg 6659 129.5 36.47 33 255 406.8 862300 128 100 3245000 
15-12a_SD_M1_01.jpg 91.93 92.53 26.09 47 255 34.82 8507 88 100 32020 
15-12a_SD_M1_01.jpg 48.36 87.92 23.33 51 171 26.72 4252 85 100 16000 
15-12a_SD_M1_01.jpg 58.45 80.94 17.83 42 134 28.34 4731 77 100 17810 
15-12a_SD_M1_01.jpg 99.9 87.94 20.65 46 146 36.44 8786 86 100 33070 
15-12a_SD_M1_01.jpg 91.93 85.23 34.15 43 255 34.82 7835 77 100 29490 
15-12a_SD_M1_01.jpg 6837 115 30.31 34 255 406.2 786100 113 100 2958000 
15-12a_SD_M1_01.jpg 71.21 83.76 13.06 61 133 29.96 5964 81 100 22450 
15-12a_SD_M1_01.jpg 9936 133.9 46.08 31 255 496.6 1330000 124 100 5007000 
15-12a_SD_M1_01.jpg 94.59 75.06 28.58 31 240 34.82 7100 67 100 26720 
15-12a_SD_M1_01.jpg 90.34 99.81 47.19 52 255 34.01 9016 88 100 33930 
15-12a_SD_M1_01.jpg 45.7 97.56 29.79 49 255 24.29 4459 91 100 16780 
15-12a_SD_M1_01.jpg 97.25 88.38 28.54 45 255 34.82 8594 85 100 32350 
15-12a_SD_M1_08.tif 5909 127.2 31.3 38 255 346.4 751500 125 0 2829000 
15-12a_SD_M1_08.tif 59.52 98.19 19.66 59 169 27.53 5844 97 0 22000 
15-12a_SD_M1_08.tif 50.48 110.9 23.29 60 165 25.1 5599 108 0 21070 
15-12a_SD_M1_08.tif 4915 128.8 35.45 34 255 324.4 632800 124 0 2382000 
15-12a_SD_M1_08.tif 96.72 102.6 36.01 50 255 34.82 9922 97 0 37340 
15-12a_SD_M1_08.tif 4593 121.6 32.8 32 255 288.8 558400 119 0 2102000 
15-12a_SD_M1_08.tif 72.54 101.5 40 46 255 30.77 7365 94 0 27720 
15-12a_SD_M1_08.tif 348300 148.3 46.54 19 255 4608 51660000 144 0 194400000 
15-12a_SD_M1_08.tif 6262 127.7 31.72 35 255 377.3 799900 125 0 3010000 
15-12a_SD_M1_08.tif 52.34 107.7 27.61 55 178 27.53 5636 104 0 21210 
15-12a_SD_M1_08.tif 42.51 93.87 26.15 54 162 24.29 3991 90 0 15020 
15-12a_SD_M1_08.tif 6090 125.7 30.09 36 255 391.2 765300 124 0 2880000 
15-12a_SD_M1_08.tif 65.63 100.4 39.05 54 255 29.15 6588 91 0 24790 
15-12a_SD_M1_08.tif 75.46 104.9 23.24 56 165 31.58 7918 103 0 29800 
15-12a_SD_M1_08.tif 105.2 107.7 26.66 51 172 36.44 11330 105 0 42640 
15-12a_SD_M1_08.tif 4907 126.6 32.08 32 255 379.6 621300 124 0 2338000 
15-12a_SD_M1_08.tif 3775 123.9 32.19 38 255 289 467900 122 0 1761000 
15-12a_SD_M1_08.tif 90.34 105.3 36.35 49 255 34.82 9511 99 0 35800 
15-12a_SD_M1_08.tif 110.5 108 41.98 46 255 37.25 11940 100 0 44950 
15-12a_SD_M1_08.tif 3480 123.7 36.56 37 255 285.5 430500 120 0 1620000 
15-12a_SD_M1_08.tif 55 81.98 37.4 43 255 25.91 4509 70 0 16970 
15-12a_SD_M1_08.tif 67.49 107.9 49.27 48 241 29.96 7284 96 0 27410 
15-12a_SD_M1_08.tif 66.96 103 39.26 50 255 30.77 6895 95 0 25950 
15-12a_SD_M1_08.tif 90.6 98.5 22.37 56 162 34.01 8925 94 0 33590 
15-12a_SD_M1_08.tif 5281 119.7 30.2 35 255 349.4 632100 118 0 2379000 
15-12a_SD_M1_08.tif 59.52 81.57 24.15 38 151 27.53 4855 79 0 18270 
15-12a_SD_M1_08.tif 53.14 101.6 20.38 53 152 26.72 5399 104 0 20320 
15-12a_SD_M1_08.tif 79.71 88.7 30.41 41 189 31.58 7070 83 0 26610 
15-12a_SD_M1_08.tif 79.71 121.4 74.41 41 255 31.58 9677 95 0 36420 
15-12a_SD_M1_08.tif 4665 123.5 33.28 37 255 354.3 575900 121 0 2167000 
15-12a_SD_M1_08.tif 50.48 84.47 22.88 41 147 25.1 4265 82 0 16050 
15-12a_SD_M1_08.tif 71.21 86.41 46.81 37 255 29.96 6153 76 0 23160 
15-12a_SD_M1_08.tif 58.45 95.3 36.77 48 255 28.34 5570 89 0 20970 
15-12a_SD_M1_08.tif 5052 128 29.13 40 255 321.2 646600 127 0 2434000 
15-12a_SD_M1_08.tif 71.21 117.8 30.65 70 199 29.96 8386 109 0 31560 
15-12a_SD_M1_08.tif 85.56 110.4 26.43 59 255 34.82 9446 108 0 35550 
15-12a_SD_M1_08.tif 105.7 107.8 29.3 52 255 36.44 11400 103 0 42890 
15-12a_SD_M1_08.tif 66.96 110.5 39.73 49 255 30.77 7397 105 0 27840 
15-12a_SD_M1_08.tif 143.5 122 36.06 51 255 45.34 17500 122 0 65870 
15-12a_SD_M1_09.tif 6660 126.4 35.59 26 255 413.8 842100 124 0 3169000 
15-12a_SD_M1_09.tif 42.51 81.46 16.11 44 122 23.48 3463 82 0 13030 
15-12a_SD_M1_09.tif 50.48 99.05 27.1 49 166 25.1 5000 94 0 18820 
15-12a_SD_M1_09.tif 60.58 87.5 14.27 53 143 27.53 5301 86 0 19950 
15-12a_SD_M1_09.tif 7660 114.6 30.03 32 255 469.8 877900 112 0 3304000 
15-12a_SD_M1_09.tif 62.17 78.03 16.59 52 116 28.34 4851 72 0 18260 
15-12a_SD_M1_09.tif 62.71 83.28 29.71 43 204 28.34 5222 76 0 19650 
15-12a_SD_M1_09.tif 76.52 90.93 24.62 49 171 30.77 6958 88 0 26190 
15-12a_SD_M1_09.tif 6153 121.3 33.64 34 255 369 746300 118 0 2809000 
15-12a_SD_M1_09.tif 79.18 96.53 24.22 46 243 31.58 7643 95 0 28770 
15-12a_SD_M1_09.tif 63.24 97.13 20.37 55 166 28.34 6142 96 0 23120 
15-12a_SD_M1_09.tif 59.78 85.55 23.07 47 141 27.53 5114 80 0 19250 
15-12a_SD_M1_09.tif 6724 120.5 32.91 34 255 420.3 810600 117 0 3051000 
15-12a_SD_M1_09.tif 59.52 92.77 35.08 34 255 27.53 5522 92 0 20780 
15-12a_SD_M1_09.tif 76.52 103.5 25.29 52 175 30.77 7920 103 0 29810 
15-12a_SD_M1_09.tif 46.76 97.22 40.57 35 255 24.29 4546 92 0 17110 
15-12a_SD_M1_09.tif 64.83 94.07 20.9 54 152 29.15 6098 92 0 22950 
15-12a_SD_M1_09.tif 101 126.2 28.93 67 199 35.63 12740 131 0 47950 
15-12a_SD_M1_09.tif 125.4 93.41 25.17 45 159 39.67 11710 93 0 44090 
15-12a_SD_M1_09.tif 6150 122.2 32.42 31 255 377.2 751500 119 0 2828000 
15-12a_SD_M2_01.tif 8170 122 30.49 33 255 419.7 996700 122 0 3751000 
15-12a_SD_M2_01.tif 68.02 87.97 35.32 43 255 36.44 5984 80 0 22520 
15-12a_SD_M2_01.tif 71.21 84.87 35.18 36 255 29.96 6043 80 0 22740 
15-12a_SD_M2_01.tif 7474 129.8 34.81 31 255 433.3 970100 128 0 3651000 
15-12a_SD_M2_01.tif 124.6 83.46 41.05 34 255 40.48 10400 70 0 39140 
15-12a_SD_M2_01.tif 348300 155.4 48.98 19 255 4608 54120000 153 0 203700000 
15-12a_SD_M2_01.tif 4165 117.1 29.59 32 255 279.7 487500 116 0 1835000 
15-12a_SD_M2_01.tif 8247 120.3 29.9 33 255 472.3 992400 119 0 3735000 
15-12a_SD_M2_01.tif 59.78 95.47 30.48 50 182 27.53 5708 87 0 21480 
15-12a_SD_M2_01.tif 188.4 78.61 21.94 42 158 50.2 14810 74 0 55730 
15-12a_SD_M2_01.tif 6668 124.3 28.99 36 255 398.5 828600 123 0 3119000 
15-12a_SD_M2_01.tif 5411 128.7 29.38 40 255 342.7 696500 127 0 2621000 
15-12a_SD_M2_01.tif 42.78 92.92 18.03 61 171 24.29 3975 88 0 14960 
15-12a_SD_M2_01.tif 5364 126.5 28.97 39 255 341.6 678700 126 0 2554000 
15-12a_SD_M2_01.tif 83.96 85.4 26.02 45 175 32.39 7170 78 0 26990 
15-12a_SD_M2_01.tif 120.1 104.6 44.77 45 255 38.87 12570 94 0 47290 
15-12a_SD_M2_01.tif 76.52 108.6 48.17 50 255 30.77 8309 94 0 31270 
15-12a_SD_M2_01.tif 6882 128.2 29.44 46 251 399 882200 127 0 3320000 
15-12a_SD_M2_01.tif 94.06 106.7 32.34 57 255 36.44 10040 102 0 37770 
15-12a_SD_M2_01.tif 5515 129.8 27.81 47 250 339.5 715900 129 0 2694000 
15-12a_SD_M2_01.tif 75.46 112.9 36.61 63 255 31.58 8521 105 0 32070 
15-12a_SD_M2_04.tif 7102 124.5 32.94 31 255 368.1 884400 123 0 3329000 
15-12a_SD_M2_04.tif 51.01 101.1 46.49 46 255 25.91 5159 89 0 19420 
15-12a_SD_M2_04.tif 90.6 90.38 29.85 41 189 34.01 8189 84 0 30820 
15-12a_SD_M2_04.tif 5993 128.9 31.71 34 255 378.2 772300 127 0 2907000 
15-12a_SD_M2_04.tif 6132 112.3 28.44 38 255 335 688300 111 0 2590000 
15-12a_SD_M2_04.tif 57.66 85.07 27.42 38 154 27.53 4905 84 0 18460 
15-12a_SD_M2_04.tif 7516 120.2 27.54 34 255 475.7 903100 120 0 3399000 
15-12a_SD_M2_04.tif 106.3 104 37.13 41 255 37.25 11050 92 0 41590 
15-12a_SD_M2_04.tif 7376 122.4 31.81 31 255 377.8 902700 123 0 3398000 
15-12a_SD_M2_04.tif 164.7 98.39 43.21 32 255 46.15 16210 86 0 61000 
15-12a_SD_M2_04.tif 96.72 105.8 29.1 44 179 34.82 10230 107 0 38500 
15-12a_SD_M2_04.tif 7994 128.5 32.09 32 255 391.1 1027000 127 0 3866000 
15-12a_SD_M2_04.tif 125.4 117.2 27.43 51 255 39.67 14700 117 0 55320 
15-12a_SD_M2_04.tif 45.7 88.88 18.46 53 126 24.29 4062 88 0 15290 
15-12a_SD_M2_05.tif 5691 125.6 30.69 35 245 370 714600 126 0 2689000 
15-12a_SD_M2_05.tif 94.06 86.41 24.53 41 143 36.44 8128 85 0 30590 
15-12a_SD_M2_05.tif 96.72 101.1 27.56 47 174 35.63 9777 100 0 36800 
15-12a_SD_M2_05.tif 69.08 91.93 23.32 46 148 30.77 6351 89 0 23900 
15-12a_SD_M2_05.tif 5495 125.4 29.79 30 255 344.3 689200 125 0 2594000 
15-12a_SD_M2_05.tif 5450 117.3 26.65 38 255 336.2 639400 117 0 2406000 
15-12a_SD_M2_05.tif 55 94.57 31 48 182 25.91 5201 91 0 19580 
15-12a_SD_M2_05.tif 51.01 90.73 26.58 51 197 25.91 4629 86 0 17420 
15-12a_SD_M2_05.tif 6943 120.7 29.63 35 255 367.6 838400 120 0 3155000 
15-12a_SD_M2_05.tif 62.71 91.12 43.2 42 255 28.34 5714 81 0 21510 
15-12a_SD_M2_05.tif 7591 130 29.76 39 255 456.7 986700 129 0 3713000 
15-12a_SD_M2_05.tif 6841 135.7 33 39 255 395.8 928100 134 0 3493000 
15-12a_SD_M2_05.tif 57.39 80.74 21.89 42 154 26.72 4634 74 0 17440 
15-12a_SD_M2_05.tif 45.7 84.37 27.27 49 168 25.1 3856 74 0 14510 
15-12a_SD_M2_05.tif 6403 139.2 35.87 39 255 385 891100 135 0 3354000 
15-12a_SD_M2_05.tif 59.52 97.13 23.36 55 160 27.53 5781 94 0 21760 
15-12a_SD_M3_03.tif 8948 128.5 26.99 37 255 438.5 1149000 127 0 4326000 
15-12a_SD_M3_03.tif 62.71 102.7 23.5 56 155 28.34 6439 101 0 24230 
15-12a_SD_M3_03.tif 63.77 101.3 31.84 49 255 29.96 6457 97 0 24300 
15-12a_SD_M3_03.tif 90.87 111.2 26.53 51 170 36.44 10100 113 0 38020 
15-12a_SD_M3_03.tif 135 90.44 33.6 37 255 48.58 12210 88 0 45950 
15-12a_SD_M3_03.tif 93.53 99.78 16.67 53 144 39.67 9333 100 0 35120 
15-12a_SD_M3_03.tif 63.77 98.33 22.38 48 180 32.39 6270 96 0 23600 
15-12a_SD_M3_03.tif 11260 130.7 25.65 31 244 457 1472000 130 0 5541000 
15-12a_SD_M3_03.tif 59.52 104.6 32.44 55 172 27.53 6227 98 0 23440 
15-12a_SD_M3_03.tif 65.89 107.4 42.77 50 255 29.15 7080 98 0 26650 
15-12a_SD_M3_03.tif 79.18 73.26 25.62 34 172 31.58 5800 67 0 21830 
15-12a_SD_M3_03.tif 121.2 109.4 30.22 54 174 40.48 13260 114 0 49900 
15-12a_SD_M3_03.tif 47.83 113.6 20.57 57 162 25.1 5433 118 0 20450 
15-12a_SD_M3_03.tif 99.9 90.77 28.1 31 156 37.25 9069 89 0 34130 
15-12a_SD_M3_03.tif 39.06 98.99 27.72 36 181 22.67 3867 101 0 14550 
15-12a_SD_M3_03.tif 62.71 99.21 31.95 46 182 28.34 6221 88 0 23410 
15-12a_SD_M3_03.tif 109.7 94.06 29.73 35 171 37.25 10320 86 0 38850 
15-12a_SD_M3_03.tif 67.75 113 42.85 35 255 29.15 7657 105 0 28820 
15-12a_SD_M3_03.tif 9333 141 27.88 32 255 423.8 1316000 140 0 4952000 
15-12a_SD_M3_03.tif 121.2 114.4 33.49 53 239 40.48 13860 111 0 52180 
15-12a_SD_M3_03.tif 68.02 114.2 22.05 55 163 31.58 7770 118 0 29250 
15-12a_SD_M3_03.tif 79.71 107 34.78 48 194 31.58 8532 102 0 32110 
15-12a_SD_M3_03.tif 72.8 116.1 30.03 62 182 29.96 8453 116 0 31820 
15-12a_SD_M3_03.tif 91.93 122.6 24.08 64 167 34.82 11270 125 0 42420 
15-12a_SD_M3_03.tif 71.21 105.5 21.47 56 166 29.96 7511 105 0 28270 
15-12a_SD_M3_03.tif 63.24 121.9 27.41 54 188 28.34 7709 125 0 29020 
15-12a_SD_M3_03.tif 94.59 100.6 26.6 50 175 35.63 9514 97 0 35810 
15-12a_SD_M3_03.tif 14290 135.6 28.49 33 255 515.2 1938000 135 0 7293000 
15-12a_SD_M3_03.tif 44.11 115.4 52.01 38 255 23.48 5092 115 0 19160 
15-12a_SD_M3_03.tif 43.58 91.86 31.42 39 192 23.48 4003 87 0 15070 
15-12a_SD_M3_03.tif 49.42 116 26.19 56 172 25.1 5732 111 0 21570 
15-12a_SD_M3_03.tif 36.14 113.9 23.83 52 182 21.05 4115 117 0 15490 
15-12a_SD_M3_03.tif 79.71 108.8 28.53 61 201 31.58 8676 106 0 32650 
15-12a_SD_M3_03.tif 60.58 117.2 44.97 47 254 27.53 7103 113 0 26730 
15-12a_SD_M3_03.tif 48.36 90.13 24.77 53 179 26.72 4358 85 0 16400 
15-12a_SD_M3_03.tif 58.19 117.9 34.01 58 182 29.15 6862 122 0 25820 
15-12a_SD_M3_03.tif 125.4 113.6 37.5 54 196 39.67 14240 112 0 53610 
15-12a_SD_M3_03.tif 87.15 86.76 25.7 36 159 33.2 7561 83 0 28460 
15-12a_SD_M3_03.tif 72.8 85.09 24.91 43 157 29.96 6195 77 0 23320 
15-12a_SD_M3_03.tif 101.8 117.7 29.47 52 178 35.63 11980 122 0 45100 
15-12a_SD_M3_03.tif 71.21 107.2 25.46 45 179 29.96 7631 112 0 28720 
15-12a_SD_M3_03.tif 6465 133.6 23.83 42 255 346 863600 135 0 3250000 
15-12a_SD_M3_03.tif 83.43 120.2 20.83 62 179 33.2 10030 123 0 37750 
15-12a_SD_M3_03.tif 87.15 120.3 21.06 75 170 34.82 10490 121 0 39470 
15-12a_SD_M3_03.tif 122.2 118.9 26.23 65 205 39.67 14530 119 0 54680 
15-12a_SD_M3_03.tif 103.6 109 27.48 42 199 36.44 11300 111 0 42530 
15-12a_SD_M3_04.tif 17550 128.9 27.08 33 255 596.3 2262000 128 0 8514000 
15-12a_SD_M3_04.tif 96.72 78.48 21.82 47 154 35.63 7591 70 0 28570 
15-12a_SD_M3_04.tif 45.7 105.4 31.87 54 171 24.29 4819 100 0 18140 
15-12a_SD_M3_04.tif 40.12 87.75 27.27 51 210 22.67 3521 79 0 13250 
15-12a_SD_M3_04.tif 91.93 92.7 32.86 38 187 34.82 8522 82 0 32070 
15-12a_SD_M3_04.tif 13510 126.6 26.1 33 255 526.3 1710000 127 0 6437000 
15-12a_SD_M3_04.tif 126.5 94.46 32.71 40 194 40.48 11950 92 0 44960 
15-12a_SD_M3_04.tif 126.5 94.51 30.76 40 149 40.48 11950 97 0 44990 
15-12a_SD_M3_04.tif 56.86 79.19 22.89 41 147 26.72 4503 73 0 16950 
15-12a_SD_M3_04.tif 59.78 76.61 23.89 40 144 27.53 4580 71 0 17240 
15-12a_SD_M3_04.tif 76.52 80.19 29.76 33 145 30.77 6136 83 0 23100 
15-12a_SD_M3_04.tif 44.11 83.17 22.41 43 138 23.48 3668 83 0 13810 
15-12a_SD_M3_04.tif 82.63 83.63 24.78 46 164 32.39 6910 82 0 26010 
15-12a_SD_M3_04.tif 15060 134.7 28.14 31 255 593.9 2028000 135 0 7634000 
15-12a_SD_M3_04.tif 52.87 119.4 32.99 51 196 25.91 6312 115 0 23760 
15-12a_SD_M3_04.tif 42.51 77.74 17.79 53 145 23.48 3305 74 0 12440 
15-12a_SD_M3_04.tif 46.76 94.07 19.45 62 153 24.29 4399 88 0 16560 
15-12a_SD_M3_04.tif 80.77 119.9 21.73 49 178 35.63 9687 121 0 36460 
15-12a_SD_M3_04.tif 66.96 102.4 28.99 56 171 30.77 6859 93 0 25820 
15-12a_SD_M3_04.tif 97.25 108.9 40.32 48 255 34.82 10590 103 0 39850 
15-12a_SD_M3_04.tif 65.89 100.7 27.1 45 166 29.15 6634 106 0 24970 
15-12a_SD_M3_04.tif 51.01 126.1 20.45 64 159 25.91 6434 129 0 24220 
15-12a_SD_M3_04.tif 57.66 114.8 22.91 67 166 27.53 6622 111 0 24920 
15-12a_SD_M3_04.tif 28.43 135.2 25.25 69 205 19.43 3844 137 0 14470 
15-12a_SD_M3_04.tif 36.14 119.5 31.31 68 196 21.05 4319 112 0 16250 
15-12a_SD_M3_04.tif 37.2 139.6 26.32 77 198 21.86 5191 140 0 19540 
15-12a_SD_M3_04.tif 90.6 123.4 27.14 59 192 34.01 11180 126 0 42080 
15-12a_SD_M3_04.tif 9114 140.6 29.66 26 255 400.9 1282000 141 0 4823000 
15-12a_SD_M3_04.tif 143.5 117.1 44.23 46 255 45.34 16800 107 0 63240 
15-12a_SD_M3_04.tif 73.87 116.3 48.81 45 255 36.44 8590 103 0 32330 
15-12a_SD_M3_04.tif 101.5 109 32.56 46 193 36.44 11070 105 0 41650 
15-12a_SD_M3_04.tif 154.1 128.3 32.92 57 255 44.53 19780 128 0 74440 
15-12a_SD_M3_04.tif 42.51 104.4 26.73 59 170 23.48 4438 105 0 16700 
15-12a_SD_M3_04.tif 51.01 103.5 50.86 44 255 25.91 5281 91 0 19880 
15-12a_SD_M3_04.tif 55.27 118.3 35.33 49 209 26.72 6539 117 0 24610 
15-12a_SD_M3_04.tif 53.14 111.6 34.28 52 192 26.72 5932 110 0 22330 
15-12a_SD_M3_04.tif 22.32 100.6 21.52 61 152 17 2245 95 0 8448 
15-12a_SD_M3_08.tif 8483 138.8 26.11 45 245 389.6 1177000 138 0 4432000 
15-12a_SD_M3_08.tif 77.85 119.2 32.14 58 198 30.77 9283 120 0 34940 
15-12a_SD_M3_08.tif 110.5 127.2 36.26 51 199 37.25 14060 126 0 52930 
15-12a_SD_M3_08.tif 129.9 111.1 26.89 55 182 40.48 14430 113 0 54320 
15-12a_SD_M3_08.tif 91.4 107.7 22.16 66 179 34.01 9847 107 0 37060 
15-12a_SD_M3_08.tif 105.7 118.4 32.25 58 189 36.44 12520 120 0 47130 
15-12a_SD_M3_08.tif 132.9 114.4 28.08 62 199 42.1 15200 117 0 57200 
15-12a_SD_M3_08.tif 83.96 133 36.26 49 217 32.39 11170 139 0 42020 
15-12a_SD_M3_08.tif 37.2 127.2 15.72 75 161 21.86 4732 129 0 17810 
15-12a_SD_M3_08.tif 96.72 126.8 32.73 64 255 35.63 12270 124 0 46170 
15-12a_SD_M3_08.tif 82.63 107.4 25.78 53 167 32.39 8873 108 0 33390 
15-12a_SD_M3_08.tif 8634 144 29.37 38 255 395.3 1244000 145 0 4681000 
15-12a_SD_M3_08.tif 140.3 124.1 30.78 53 255 42.91 17410 125 0 65510 
15-12a_SD_M3_08.tif 160.5 115.4 38.55 38 214 45.34 18520 121 0 69710 
15-12a_SD_M3_08.tif 115.3 109.9 37.04 42 197 38.06 12680 105 0 47720 
15-12a_SD_M3_08.tif 197.2 122.3 45.55 39 255 52.63 24120 125 0 90780 
15-12a_SD_M3_08.tif 73.33 115.7 35.49 61 194 30.77 8487 109 0 31940 
15-12a_SD_M3_08.tif 8502 151.6 31.34 24 255 402.9 1289000 151 0 4851000 
15-12a_SD_M3_08.tif 94.59 133.7 35.71 80 236 35.63 12650 124 0 47590 
15-12a_SD_M3_08.tif 114.3 114.1 39.49 46 255 38.06 13040 111 0 49070 
15-12a_SD_M3_08.tif 175.4 137.1 44.35 46 255 47.77 24040 141 0 90490 
15-12a_SD_M3_08.tif 110.5 127.7 42.18 52 231 37.25 14120 115 0 53130 
15-12a_SD_M3_08.tif 76.52 140.6 34.95 69 213 30.77 10760 143 0 40490 
15-12a_SD_M3_08.tif 110.5 143 35.01 65 217 37.25 15810 148 0 59490 
15-12a_SD_M3_08.tif 10720 154.4 34.33 45 255 403.5 1656000 155 0 6232000 
15-12a_SD_M3_08.tif 58.45 122.8 34.23 64 215 28.34 7178 114 0 27010 
15-12a_SD_M3_08.tif 94.59 106.7 29.86 45 255 37.25 10090 102 0 37980 
15-12a_SD_M3_08.tif 145.9 145.3 30.7 64 225 46.96 21190 140 0 79760 
15-12a_SD_M3_08.tif 79.45 135.7 25.06 74 215 32.39 10780 132 0 40580 
15-12a_SD_M3_08.tif 42.51 130.9 32.85 65 198 23.48 5567 133 0 20950 
15-12a_SD_M3_08.tif 38.79 143.4 28.1 68 207 21.86 5563 147 0 20940 
15-12a_SD_M3_08.tif 32.15 118.5 24.87 64 167 21.05 3810 123 0 14340 
15-12a_SD_M3_08.tif 62.97 76.38 41.19 30 255 30.77 4810 70 0 18100 
15-12a_SD_M3_08.tif 70.15 93.95 21.24 58 157 29.96 6590 90 0 24800 
15-12a_SD_M3_08.tif 128.6 111.8 33.22 48 255 41.29 14380 112 0 54110 
15-12a_SD_M3_08.tif 67.75 119.6 35.57 72 209 29.15 8102 113 0 30490 
15-12a_SD_M3_08.tif 27.1 99.09 10.94 80 125 18.62 2685 97 0 10110 
15-12a_SD_M3_08.tif 8937 147.8 29.76 41 255 402.5 1321000 147 0 4971000 
15-12a_SD_M3_08.tif 37.2 120.4 34.47 62 208 21.86 4478 110 0 16860 
15-12a_SD_M3_08.tif 77.59 130.4 29.99 71 198 31.58 10120 128 0 38070 
15-12a_SD_M3_08.tif 86.35 114.3 46.76 53 212 34.01 9868 93 0 37140 
15-12a_SD_M3_08.tif 32.15 130.7 38.32 79 209 21.05 4201 115 0 15810 
           
           
           
           
           
           
           
           
           
           
           
           
